$ANSIBLE_VAULT;1.1;AES256
39643833346561323939396162643139666665653731353531333135646334636263333031356137
3636616639336532653163393961653663616466643163300a316134633535363234663838393335
62636638383335633537633238333939313861373034343964386563383932313765613064656538
6434393734353566370a303762323865613863333931656464333966323831646130313331663936
31633632383732376337653636396166653661383435613363386336316338303431323263353735
66333134666439306239336466336133356436326531656364636235666332343463313436643662
38303737643262666237363462376531366638616664333763656532363436643732373133363035
64393163376161303238326665356637336334363237396539666238353638666533646230343363
38646135343931623130366235316335626639636533353038333539383232323634386132393038
34383935333832643465386139356437366338623735363265366265643636613730646234646630
33333030663564383035303066616164663737646362626665366633303061363236396335623830
33663038363766633435316630663866313636383836363066633361663934323331363362666530
33393233613366393464303266613766383262336430363665363135373230316166353036393637
34326537303164383664633535663531666566383136383030363662393538303261343862613463
32393939373036346235663630333932393630396238653563373031336365363436653664633334
31326535656130623064623636333163373365656134366537313730306536366436316134353239
38373830333439616166336333353030376364633039373836613332323263666566326165636562
39663936373665353862626539666264333933366236663763623933666331653663323230386666
32306537626639343733653338353736313332643130656262306134343864356362643033346661
34323737666561346565336337623934343564326539343663383139346333366363336265303065
38386132616235333330313130353734366137323933613466303932376433333638333138653961
39613766363238663537326463633636666464333966393630373965316161356137323864353862
65363537643035353631376363393239616534663238656164653361343739623337323734386435
62633265396332663234306561383666383038366665396164383832646233303362356439316266
32633732666563656464373833376637336163373131376335326432653935643237666637623631
64616136363565643164616165616539636163363966313836623438356365613462653435366361
393231633533323861363436356636656636
