$ANSIBLE_VAULT;1.1;AES256
35323361303361613139633463613432633264323239336563343461306632346630353332366339
6265636130386333336463636537343465383438373361630a653934626666366532653161613365
62313738663261623938663066373734396536623639626636623939306436653162326661623233
6633363037353034310a373633666266356237656161616138363364663564363036336661636230
63653064343436303130643565333562353630386435353639363434613830383430623631643535
38393130396131326463623061643632626464383761303530646666653264636661343932613565
34646236666131333133346430646630316264333738353862613861653734326430653539363562
31393863386166376361646462663034656664326532383161313733646334313266383834346338
37613535663066623265613761396136383161313461393837386139626565383138316533343761
31646666383465383163626334326166333736616663386261356664343438303034376331646465
35373932633239383663613836626432353364333566313437326131316561383934663361333964
35333035313336376234383934363932616565316261393262386334653331646637353064666662
65353238306565306165343433313538666635333262313164356437383136336264613865643561
37636361343939616266383161663939356566316331633138376332376536346435633762323433
38356666653263316662346166346239386238373063343166363935333863616263353731393433
31346331383131663461
